%YAML:1.0
---
R: !!opencv-matrix
   rows: 3
   cols: 3
   dt: d
   data: [ 9.9852054681283386e-01, -4.5630949571510530e-03,
       -5.4183906808306759e-02, 7.3306163156655847e-03,
       9.9867235677064492e-01, 5.0988095538058317e-02,
       5.3879306389668251e-02, -5.1309862468902484e-02,
       9.9722831806782875e-01 ]
T: !!opencv-matrix
   rows: 3
   cols: 1
   dt: d
   data: [ -9.5714751458985878e-02, -2.2352732602338764e-03,
       -5.4432563590844057e-02 ]
R1: !!opencv-matrix
   rows: 3
   cols: 3
   dt: d
   data: [ 8.9457818307285086e-01, -9.0561398684157607e-03,
       4.4681971834371920e-01, -2.0479997752500551e-03,
       9.9970109882601965e-01, 2.4362239284794397e-02,
       -4.4690679125181954e-01, -2.2709014437722608e-02,
       8.9429224563129806e-01 ]
R2: !!opencv-matrix
   rows: 3
   cols: 3
   dt: d
   data: [ 8.6908558257604940e-01, 2.0296179366034808e-02,
       4.9424519750989043e-01, -7.9267422012155916e-03,
       9.9960102351439162e-01, -2.7110155791808921e-02,
       -4.9459823788255081e-01, 1.9643291275201955e-02,
       8.6889972044612451e-01 ]
P1: !!opencv-matrix
   rows: 3
   cols: 4
   dt: d
   data: [ -1.3324889283290645e+03, 0., -1.0541644167900085e+02, 0., 0.,
       -1.3324889283290645e+03, 2.4214758110046387e+02, 0., 0., 0., 1.,
       0. ]
P2: !!opencv-matrix
   rows: 3
   cols: 4
   dt: d
   data: [ -1.3324889283290645e+03, 0., -1.0541644167900085e+02,
       1.4675061829794714e+02, 0., -1.3324889283290645e+03,
       2.4214758110046387e+02, 0., 0., 0., 1., 0. ]
Q: !!opencv-matrix
   rows: 4
   cols: 4
   dt: d
   data: [ 1., 0., 0., 1.0541644167900085e+02, 0., 1., 0.,
       -2.4214758110046387e+02, 0., 0., 0., -1.3324889283290645e+03, 0.,
       0., 9.0799544409667696e+00, 0. ]
