%YAML:1.0
---
R: !!opencv-matrix
   rows: 3
   cols: 3
   dt: d
   data: [ 9.9923137010451757e-01, -1.0032788136474052e-02,
       -3.7894751104305374e-02, 1.2159998792847985e-02,
       9.9833826411282400e-01, 5.6328011127246690e-02,
       3.7266653034671138e-02, -5.6745515861624844e-02,
       9.9769291016885131e-01 ]
T: !!opencv-matrix
   rows: 3
   cols: 1
   dt: d
   data: [ -1.1179822823139100e-01, -8.0626904391895525e-04,
       -4.0777342381181809e-02 ]
R1: !!opencv-matrix
   rows: 3
   cols: 3
   dt: d
   data: [ 9.5156803607664342e-01, -2.2105299411552041e-02,
       3.0664250921091396e-01, 1.3743449962752251e-02,
       9.9947318857468959e-01, 2.9401750006836407e-02,
       -3.0713090092070044e-01, -2.3763439529428748e-02,
       9.5137054223965234e-01 ]
R2: !!opencv-matrix
   rows: 3
   cols: 3
   dt: d
   data: [ 9.3943826865767177e-01, 6.7750625987006543e-03,
       3.4265118985385123e-01, 2.5912115886477733e-03,
       9.9963559054546702e-01, -2.6869531765894555e-02,
       -3.4270836728037313e-01, 2.6130148135807552e-02,
       9.3907837284990314e-01 ]
P1: !!opencv-matrix
   rows: 3
   cols: 4
   dt: d
   data: [ 2.9206737512521079e+02, 0., 2.2362328326702118e+02, 0., 0.,
       2.9206737512521079e+02, 2.3948941373825073e+02, 0., 0., 0., 1.,
       0. ]
P2: !!opencv-matrix
   rows: 3
   cols: 4
   dt: d
   data: [ 2.9206737512521079e+02, 0., 2.2362328326702118e+02,
       -3.4757595206173271e+01, 0., 2.9206737512521079e+02,
       2.3948941373825073e+02, 0., 0., 0., 1., 0. ]
Q: !!opencv-matrix
   rows: 4
   cols: 4
   dt: d
   data: [ 1., 0., 0., -2.2362328326702118e+02, 0., 1., 0.,
       -2.3948941373825073e+02, 0., 0., 0., 2.9206737512521079e+02, 0.,
       0., 8.4029799355433230e+00, 0. ]
