%YAML:1.0
---
R: !!opencv-matrix
   rows: 3
   cols: 3
   dt: d
   data: [ 9.9841686100129023e-01, 8.7405471594307845e-04,
       -5.6240623188971724e-02, 2.6181385178281713e-03,
       9.9807332765526124e-01, 6.1990144167077148e-02,
       5.6186448713473877e-02, -6.2039250894148315e-02,
       9.9649095045035962e-01 ]
T: !!opencv-matrix
   rows: 3
   cols: 1
   dt: d
   data: [ -1.0565069836001370e-01, 1.7072104742228403e-03,
       -2.1389361770589355e-02 ]
R1: !!opencv-matrix
   rows: 3
   cols: 3
   dt: d
   data: [ 9.8954722643696846e-01, -2.7257404511006330e-02,
       1.4160974737010962e-01, 2.2903550948133750e-02,
       9.9921624016988198e-01, 3.2285178251499083e-02,
       -1.4237876950187878e-01, -2.8704342530150397e-02,
       9.8939595042381434e-01 ]
R2: !!opencv-matrix
   rows: 3
   cols: 3
   dt: d
   data: [ 9.7999259072704614e-01, -1.5835708059864645e-02,
       1.9840300519481791e-01, 2.1924922565754849e-02,
       9.9935240539673531e-01, -2.8531869869406853e-02,
       -1.9782269811772829e-01, 3.2310991597316416e-02,
       9.7970514948703846e-01 ]
P1: !!opencv-matrix
   rows: 3
   cols: 4
   dt: d
   data: [ 2.0566780719051195e+02, 0., 2.4969364166259766e+02, 0., 0.,
       2.0566780719051195e+02, 2.4226525390148163e+02, 0., 0., 0., 1.,
       0. ]
P2: !!opencv-matrix
   rows: 3
   cols: 4
   dt: d
   data: [ 2.0566780719051195e+02, 0., 2.4969364166259766e+02,
       -2.2172563002471026e+01, 0., 2.0566780719051195e+02,
       2.4226525390148163e+02, 0., 0., 0., 1., 0. ]
Q: !!opencv-matrix
   rows: 4
   cols: 4
   dt: d
   data: [ 1., 0., 0., -2.4969364166259766e+02, 0., 1., 0.,
       -2.4226525390148163e+02, 0., 0., 0., 2.0566780719051195e+02, 0.,
       0., 9.2757795825223841e+00, 0. ]
