%YAML:1.0
---
M1: !!opencv-matrix
   rows: 3
   cols: 3
   dt: d
   data: [ 4.0257361724337943e+02, 0., 320., 0., 4.0470352764422432e+02,
       240., 0., 0., 1. ]
D1: !!opencv-matrix
   rows: 1
   cols: 5
   dt: d
   data: [ -3.8916574167841478e-01, 1.0260800207055588e-01, 0., 0.,
       1.0260559468133561e+00 ]
M2: !!opencv-matrix
   rows: 3
   cols: 3
   dt: d
   data: [ 4.0257361724337943e+02, 0., 320., 0., 4.0470352764422432e+02,
       240., 0., 0., 1. ]
D2: !!opencv-matrix
   rows: 1
   cols: 5
   dt: d
   data: [ -3.0909257769127105e-02, -1.4636838115616904e+00, 0., 0.,
       3.3072512710641702e+00 ]
