%YAML:1.0
---
M1: !!opencv-matrix
   rows: 3
   cols: 3
   dt: d
   data: [ 3.5594511047165616e+02, 0., 320., 0., 3.5631130239786148e+02,
       240., 0., 0., 1. ]
D1: !!opencv-matrix
   rows: 1
   cols: 5
   dt: d
   data: [ -3.0147529741535911e-01, 1.8639645786961151e-01, 0., 0.,
       -1.7341843526993259e-01 ]
M2: !!opencv-matrix
   rows: 3
   cols: 3
   dt: d
   data: [ 3.5594511047165616e+02, 0., 320., 0., 3.5631130239786148e+02,
       240., 0., 0., 1. ]
D2: !!opencv-matrix
   rows: 1
   cols: 5
   dt: d
   data: [ -2.0179440874442386e-01, 8.3089540980276627e-03, 0., 0.,
       1.9726114745514927e-02 ]
